1,카레라이스,1,2,3,4,5,6,7,8,9,10
2,오므라이스,11,3,4,12,10,9,8,13,14,17,18,19,20
3,냉면,21,1,22,17,23,11,24,25,9,38,26
4,채소국수,27,28,17,11,29,1,30,31,32
5,두부국,33,1,34,35,36,37,39,9,10
6,두부조개탕,33,40,41,42,43,44,45,11,35,9,10
7,무맑은국,1,46,44,35,47,9,37,10
8,미역국,48,1,35,49,10,47,37
9,미역냉국,48,17,50,35,51,9,52,53
10,오이냉국,17,34,35,53,24,25,51,52,50,43,9
11,쇠고기양송이볶음,1,54,55,3,35,53,56,57,25,9,10,49
12,두부드레싱과 채소샐러드,31,33,51,58,9,59,60,61,4,62
13,콩나물무침,40,34,35,51,37,63,9,10
14,우엉조림,64,53,56,51,9
15,멸치볶음,65,4,66,49,51,53,25,67
16,김치찌개,68,69,70,50,35,37,71,52,72
17,유부초밥,73,64,1,4,8,53,67,25,10
18,오이나물,17,9,34,35,51,37,63
19,계란말이,11,34,35,9,10,49,20
20,감자조림,2,19,74,49,39,56,67,51
21,마른오징어조림,75,37,66,39,25,35,51,34,10
22,호박전,76,9,45,11,39,24,77,49
23,불고기,1,39,78,25,34,35,51,10,37
24,부추전,29,66,43,45,11,9
25,두부김치,33,68,34,35,32,51,37,9
26,오믈렛,11,7,9,10,49,16,57
27,해장라면,79,68,28,40,66,43,4,80,81,35,50,52,37,51
28,감자고추채볶음,2,66,43,49,53,37,25,9,10
29,묵과양념장,82,83,17,81,53,25,24,43,37,51
30,가지와마른새우무침,84,85,49,39,34,35,37,51,9
31,골뱅이무침,86,17,50,3,4,87,36,52,24,39,25,51,37,35,88
32,두부양념조림,33,43,53,25,56,10,89,37,63
33,까르보나라스파게티,90,91,80,92,93,3,94,16,9,7,10
34,주먹밥,8,1,4,49,9,53,25,34,35,37,10,31,51,95,96,13
35,속채운감자,2,16,7,25,97,98,99
36,과일샐러드,100,101,87,17,102,103
37,연어샐러드,104,105,106,3,107,3,108
38,시금치샐러드,109,54,92,110,111,112,108,9,10
39,채소수프,2,4,3,87,54,96,113,16,9,10
40,삼겹살채소말이,69,9,72,43,114,115,10,49
41,쌈장,36,3,35,34,52,37,116
42,가래떡꼬치,70,36,53,35,57,25,37,117,118,119
43,찬밥지짐이,8,3,4,44,33,11,9,10,120,49
44,두부탕,33,1,9,10,44,20,46,47,9,10
45,찬밥맛탕,8,121,9,11,122,25,49
46,양배춧국,123,41,116,35,44,20,19
47,계란말이주먹밥,8,11,28,4,124,9,49,17,24,25,9,20
48,어묵국,125,50,43,9,126,53,127,67
49,쇠고기무국,1,46,50,35,44,47,39,34,35,37,10,9
50,오징어숙회,128,36,24,25,51
51,두부스테이크,1,33,9,10,95
52,버섯두부찌개,33,69,129,28,130,131,3,66,50,52,53,3,34,35,51,10,37
53,김치주먹밥,131,8,1,17,4,132,124,133,67,53,25,35,34,10,37
54,떡볶이,70,3,50,134,135,36,53,25,56
55,제육불고기,69,36,52,53,127,72,25,35,34,51,10,37,116,36,35,34,24
56,찬밥전,8,136,3,4,44,66,11,45,49,9,10
57,잔멸치된장볶음,65,35,116,127,53,25,49,31,51,8
58,유부미역된장국,48,73,33,44,19,116,137,20
59,호박두부찌개,138,33,139,34,66,35,49,9,37
60,돼지고기표고볶음,69,28,3,134,66,50,35,140,122,9,141,10,142
61,간장떡볶이,70,3,4,13,1,53,25,37,10,1,25,37,28,10,35
62,잔치국수,143,138,4,1,11,88,9,10,47,53,52,34,37,51,53,25,37
63,순대볶음,144,123,3,32,145,52,53,25,146,35,49
64,베이컨꼬치구이,92,87,147,81,130,134,70,149,150,53,59
65,라볶이,79,70,125,50,35,36,25,52
66,가지쇠고기볶음,84,1,66,43,50,35,53,67,9,25,51,37
67,부추부침개,45,115,11,29,66,128,49
68,버섯파스타,151,28,129,54,35,34,94,53,108
69,김치볶음밥,131,8,2,3,80,49,9,10,11
70,오징어채볶음,152,36,25,153,49,56,37
71,애호박무침,76,49,13,34,35,52,53,139,37,51,37,14
72,마늘빵,15,16,35,98
73,계란찜,11,109,4,154,34,9,10,25,155
74,두부두루치기,33,123,3,50,43,156,34,35,52,53,37,51
75,만두샐러드,157,158,17,3,159,96,150,58,24,149
76,채소스프,1,57,16,4,3,87,134,46,98
77,샤브샤브,1,160,4,46,130,28,33,20,143,50,70,161,77
78,볶음우동,123,3,162,28,134,130,35,163,141,164,53,67,37,80,161,50,49,57,25,10
79,오징어삼겹살볶음,128,69,154,3,44,36,137,25,35,140,56,37,66,43
80,어묵볶음,125,3,134,35,52,53,25,37,51,49,131
81,떡꼬치,70,1,35,119,36,52,25,53,10,51,37
82,연어오픈샌드위치,15,104,31,150,165,166,167
83,참치김치찌개,131,136,3,50,43,130,33,52,9,37,66
84,오징어볶음과소면,128,3,43,123,4,36,52,53,25,34,35,51,10,37
85,돼지불고기,69,36,52,53,137,34,35,25,56,51,37,10
86,단호박구이,168,169,16,9,10
87,된장찌개,19,20,28,76,66,43,33,116,52,35,50,37
88,파프리카볶음밥,62,8,2,138,134,3,4,9,10,108
89,새우죽,170,133,9,37
90,크림소스파스타,151,91,3,10,9,92,7,16,35
91,참치죽,136,4,2,28,170,37,47,51,44,20,76
92,두부파프리카전,171,33,62,172,9,10,53,24
93,돼지고기김치찌개,173,69,174,28,50,66,10,127,49
94,두부조림,33,66,43,35,141,37,9
95,김치우동,163,133,131,77,175,71,52,47,9,10,127,25,24,52,37
96,쫄면,145,17,62,32,176,36,24,25,53,37,35,56
97,떡만두국,70,11,175,50,35,155,47,37,177,69,68,162,33,34
98,비빔냉면,21,11,178,179,46,9,25,24,53,36,35,34,24,25,56,71,51
99,애호박 구이,76,180,181,53,127,182,35,24,183,50,37,89
100,카레토마토달걀볶음밥,8,178,3,11,184,80,10,6
